;; subaksubakdata.txt

;; Each line specifies the endpoints, a and b, of a subaksubak,
;; which is a one-way link between two subaks.  Typically there are
;; two subaksubaks for each connected pair of subaks--i.e. links in
;; both directions.  These links control both pest dispersal and imitation.

1 2
2 1
4 6
5 7
5 6
6 4
6 8
6 5
7 5
7 10
7 8
8 6
8 9
8 7
9 8
9 12
9 10
10 7
10 11
10 9
11 10
11 13
11 12
12 9
12 11
13 11
13 14
14 13
14 53
15 16
16 15
18 20
20 18
20 21
20 22
21 20
21 25
21 23
22 20
22 24
23 24
23 21
24 23
24 25
24 22
25 21
25 24
26 27
27 26
29 30
30 29
32 34
32 33
33 35
33 32
34 32
34 37
34 35
35 33
35 36
35 34
36 35
36 39
36 37
37 34
37 38
37 36
38 37
38 40
38 39
39 36
39 41
39 38
40 38
40 41
41 39
41 40
46 49
46 47
47 48
47 46
48 47
48 49
48 50
49 46
49 48
49 51
50 48
50 51
50 52
51 49
51 50
52 50
53 14
53 65
54 64
54 80
54 62
55 56
55 61
56 55
56 57
57 61
57 56
57 58
58 57
59 60
59 64
60 59
60 67
61 57
61 55
62 54
62 71
62 77
62 81
63 80
63 82
64 54
64 59
64 71
65 53
65 66
65 68
65 70
66 67
66 65
67 60
67 66
67 68
68 65
68 67
68 74
69 74
69 75
70 65
70 74
71 62
71 64
71 73
72 74
73 71
73 75
73 77
74 68
74 69
74 70
74 72
75 69
75 73
75 76
76 75
76 77
76 79
77 62
77 73
77 76
77 78
78 77
78 79
78 81
79 76
79 78
80 54
80 63
80 81
80 83
81 62
81 78
81 80
82 63
82 83
83 80
83 82
83 84
84 83
84 85
85 84
85 86
86 85
86 87
87 86
87 90
88 90
88 92
89 90
89 92
89 96
90 87
90 88
90 89
91 97
92 88
92 89
93 96
93 98
94 95
94 97
95 94
95 98
96 89
96 93
96 97
97 91
97 94
97 96
97 98
98 93
98 95
98 97
99 100
100 99
102 118
107 108
108 107
108 109
109 108
110 111
111 110
112 113
113 112
113 114
114 113
115 116
116 115
117 118
118 102
118 117
120 121
120 122
121 120
121 123
122 120
122 123
122 124
123 121
123 122
123 125
124 122
124 125
124 127
125 123
125 124
125 126
126 125
126 127
126 129
127 124
127 126
127 128
128 127
128 129
128 130
129 126
129 128
130 128
137 138
138 137
144 145
144 148
144 151
145 144
145 150
146 147
146 148
146 149
147 146
147 152
148 144
148 146
148 152
149 146
150 145
150 151
151 144
151 150
151 152
152 147
152 148
152 151
153 154
153 155
154 153
154 163
155 153
155 156
156 155
156 157
157 156
157 158
157 160
158 157
158 159
158 161
159 158
159 162
160 157
160 161
161 158
161 160
162 159
163 154
163 164
163 165
163 166
164 163  ; added by MA
164 166  ; added by MA
165 163
165 166
166 164
166 165
166 167
167 166
167 168
167 169
168 167
168 170
169 167
169 170
170 168
170 169
170 171
171 170
